         1,         0,  2769
         2,       313,  2780
         3,       626,  2791
         4,       939,  2801
         5,      1252,  2810
         6,      1565,  2819
         7,      1878,  2826
         8,      2191,  2833
         9,      2504,  2838
        10,      2817,  2843
        11,      3130,  2846
        12,      3443,  2848
        13,      3756,  2849
        14,      4069,  2848
        15,      4382,  2846
        16,      4695,  2844
        17,      5008,  2840
        18,      5321,  2835
        19,      5634,  2828
        20,      5947,  2821
        21,      6260,  2813
        22,      6573,  2804
        23,      6886,  2794
        24,      7199,  2783
        25,      7512,  2772
        26,      7825,  2761
        27,      8138,  2749
        28,      8451,  2736
        29,      8764,  2724
        30,      9077,  2712
        31,      9390,  2699
        32,      9703,  2687
        33,     10016,  2676
        34,     10329,  2664
        35,     10642,  2654
        36,     10955,  2644
        37,     11268,  2634
        38,     11581,  2626
        39,     11894,  2619
        40,     12207,  2612
        41,     12520,  2607
        42,     12833,  2603
        43,     13146,  2600
        44,     13459,  2598
        45,     13772,  2597
        46,     14085,  2597
        47,     14398,  2599
        48,     14711,  2602
        49,     15024,  2606
        50,     15337,  2611
        51,     15650,  2618
        52,     15963,  2625
        53,     16276,  2633
        54,     16589,  2642
        55,     16902,  2652
        56,     17215,  2663
        57,     17528,  2674
        58,     17841,  2686
        59,     18154,  2697
        60,     18467,  2710
        61,     18780,  2722
        62,     19093,  2734
        63,     19406,  2746
        64,     19719,  2758
        65,     20032,  2770
        66,     20345,  2781
        67,     20658,  2792
        68,     20971,  2802
        69,     21284,  2811
        70,     21597,  2819
        71,     21910,  2827
        72,     22223,  2833
        73,     22536,  2838
        74,     22849,  2842
        75,     23162,  2845
        76,     23475,  2847
        77,     23788,  2848
        78,     24101,  2847
        79,     24414,  2845
        80,     24727,  2842
        81,     25040,  2838
        82,     25353,  2833
        83,     25666,  2827
        84,     25979,  2819
        85,     26292,  2811
        86,     26605,  2802
        87,     26918,  2792
        88,     27231,  2781
        89,     27544,  2770
        90,     27857,  2759
        91,     28170,  2747
        92,     28483,  2734
        93,     28796,  2722
        94,     29109,  2710
        95,     29422,  2698
        96,     29735,  2686
        97,     30048,  2674
        98,     30361,  2663
        99,     30674,  2653
       100,     30987,  2643
       101,     31300,  2634
       102,     31613,  2626
       103,     31926,  2618
       104,     32239,  2612
       105,     32552,  2607
       106,     32865,  2603
       107,     33178,  2600
       108,     33491,  2598
       109,     33804,  2598
       110,     34117,  2598
       111,     34430,  2600
       112,     34743,  2603
       113,     35056,  2608
       114,     35369,  2613
       115,     35682,  2619
       116,     35995,  2627
       117,     36308,  2635
       118,     36621,  2644
       119,     36934,  2654
       120,     37247,  2665
       121,     37560,  2676
       122,     37873,  2687
       123,     38186,  2699
       124,     38499,  2711
       125,     38812,  2724
       126,     39125,  2736
       127,     39438,  2748
       128,     39751,  2760
       129,     40064,  2771
       130,     40377,  2782
       131,     40690,  2793
       132,     41003,  2803
       133,     41316,  2812
       134,     41629,  2820
       135,     41942,  2827
       136,     42255,  2833
       137,     42568,  2838
       138,     42881,  2842
       139,     43194,  2845
       140,     43507,  2847
       141,     43820,  2847
       142,     44133,  2846
       143,     44446,  2844
       144,     44759,  2841
       145,     45072,  2837
       146,     45385,  2832
       147,     45698,  2825
       148,     46011,  2818
       149,     46324,  2809
       150,     46637,  2800
       151,     46950,  2790
       152,     47263,  2780
       153,     47576,  2768
       154,     47889,  2757
       155,     48202,  2745
       156,     48515,  2733
       157,     48828,  2720
       158,     49141,  2708
       159,     49454,  2696
       160,     49767,  2684
       161,     50080,  2673
       162,     50393,  2662
       163,     50706,  2652
       164,     51019,  2642
       165,     51332,  2633
       166,     51645,  2625
       167,     51958,  2618
       168,     52271,  2612
       169,     52584,  2607
       170,     52897,  2603
       171,     53210,  2600
       172,     53523,  2598
       173,     53836,  2598
       174,     54149,  2599
       175,     54462,  2601
       176,     54775,  2604
       177,     55088,  2609
       178,     55401,  2614
       179,     55714,  2621
       180,     56027,  2628
       181,     56340,  2636
       182,     56653,  2646
       183,     56966,  2656
       184,     57279,  2666
       185,     57592,  2677
       186,     57905,  2689
       187,     58218,  2701
       188,     58531,  2726
       189,     58844,  2736
       190,     59157,  2700
       191,     59470,  2644
       192,     59783,  2579
       193,     60096,  2512
       194,     60409,  2437
       195,     60722,  2346
       196,     61035,  2242
       197,     61348,  2129
       198,     61661,  2014
       199,     61974,  1888
       200,     62287,  1759
       201,     62600,  1625
       202,     62913,  1493
       203,     63226,  1359
       204,     63539,  1224
       205,     63852,  1089
       206,     64165,   956
       207,     64478,   825
       208,     64791,   700
       209,     65104,   583
       210,     65417,   492
       211,     65730,   403
       212,     66043,   309
       213,     66356,   218
       214,     66669,   141
       215,     66982,    85
       216,     67295,    46
       217,     67608,    19
       218,     67921,     5
       219,     68234,     0
       220,     68547,     7
       221,     68860,    28
       222,     69173,    64
       223,     69486,   114
       224,     69799,   178
       225,     70112,   255
       226,     70425,   344
       227,     70738,   443
       228,     71051,   553
       229,     71364,   671
       230,     71677,   799
       231,     71990,   932
       232,     72303,  1068
       233,     72616,  1210
       234,     72929,  1358
       235,     73242,  1508
       236,     73555,  1658
       237,     73868,  1806
       238,     74181,  1952
       239,     74494,  2094
       240,     74807,  2233
       241,     75120,  2367
       242,     75433,  2494
       243,     75746,  2613
       244,     76059,  2722
       245,     76372,  2819
       246,     76685,  2905
       247,     76998,  2979
       248,     77311,  3041
       249,     77624,  3089
       250,     77937,  3125
       251,     78250,  3148
       252,     78563,  3157
       253,     78876,  3152
       254,     79189,  3134
       255,     79502,  3102
       256,     79815,  3056
       257,     80128,  2997
       258,     80441,  2926
       259,     80754,  2844
       260,     81067,  2752
       261,     81380,  2650
       262,     81693,  2540
       263,     82006,  2423
       264,     82319,  2302
       265,     82632,  2174
       266,     82945,  2041
       267,     83258,  1904
       268,     83571,  1767
       269,     83884,  1633
       270,     84197,  1500
       271,     84510,  1371
       272,     84823,  1245
       273,     85136,  1125
       274,     85449,  1011
       275,     85762,   906
       276,     86075,   809
       277,     86388,   723
       278,     86701,   647
       279,     87014,   584
       280,     87327,   534
       281,     87640,   496
       282,     87953,   472
       283,     88266,   461
       284,     88579,   464
       285,     88892,   480
       286,     89205,   510
       287,     89518,   554
       288,     89831,   611
       289,     90144,   680
       290,     90457,   762
       291,     90770,   855
       292,     91083,   958
       293,     91396,  1071
       294,     91709,  1192
       295,     92022,  1320
       296,     92335,  1457
       297,     92648,  1597
       298,     92961,  1738
       299,     93274,  1881
       300,     93587,  2026
       301,     93900,  2171
       302,     94213,  2315
       303,     94526,  2456
       304,     94839,  2592
       305,     95152,  2722
       306,     95465,  2845
       307,     95778,  2960
       308,     96091,  3066
       309,     96404,  3161
       310,     96717,  3246
       311,     97030,  3319
       312,     97343,  3379
       313,     97656,  3427
       314,     97969,  3461
       315,     98282,  3481
       316,     98595,  3488
       317,     98908,  3480
       318,     99221,  3459
       319,     99534,  3425
       320,     99847,  3377
       321,    100160,  3316
       322,    100473,  3244
       323,    100786,  3160
       324,    101099,  3066
       325,    101412,  2962
       326,    101725,  2850
       327,    102038,  2731
       328,    102351,  2605
       329,    102664,  2474
       330,    102977,  2340
       331,    103290,  2204
       332,    103603,  2067
       333,    103916,  1930
       334,    104229,  1795
       335,    104542,  1664
       336,    104855,  1536
       337,    105168,  1415
       338,    105481,  1300
       339,    105794,  1193
       340,    106107,  1096
       341,    106420,  1008
       342,    106733,   932
       343,    107046,   868
       344,    107359,   816
       345,    107672,   776
       346,    107985,   751
       347,    108298,   738
       348,    108611,   740
       349,    108924,   756
       350,    109237,   785
       351,    109550,   827
       352,    109863,   883
       353,    110176,   951
       354,    110489,  1031
       355,    110802,  1123
       356,    111115,  1225
       357,    111428,  1336
       358,    111741,  1455
       359,    112054,  1582
       360,    112367,  1715
       361,    112680,  1852
       362,    112993,  1993
       363,    113306,  2136
       364,    113619,  2280
       365,    113932,  2424
       366,    114245,  2565
       367,    114558,  2703
       368,    114871,  2837
       369,    115184,  2965
       370,    115497,  3086
       371,    115810,  3198
       372,    116123,  3302
       373,    116436,  3395
       374,    116749,  3477
       375,    117062,  3547
       376,    117375,  3605
       377,    117688,  3650
       378,    118001,  3681
       379,    118314,  3699
       380,    118627,  3702
       381,    118940,  3692
       382,    119253,  3669
       383,    119566,  3631
       384,    119879,  3581
       385,    120192,  3518
       386,    120505,  3443
       387,    120818,  3357
       388,    121131,  3261
       389,    121444,  3155
       390,    121757,  3041
       391,    122070,  2919
       392,    122383,  2792
       393,    122696,  2660
       394,    123009,  2524
       395,    123322,  2387
       396,    123635,  2248
       397,    123948,  2110
       398,    124261,  1974
       399,    124574,  1841
       400,    124887,  1713
       401,    125200,  1591
       402,    125513,  1476
       403,    125826,  1369
       404,    126139,  1271
       405,    126452,  1183
       406,    126765,  1107
       407,    127078,  1042
       408,    127391,   990
       409,    127704,   951
       410,    128017,   925
       411,    128330,   913
       412,    128643,   914
       413,    128956,   930
       414,    129269,   959
       415,    129582,  1002
       416,    129895,  1058
       417,    130208,  1126
       418,    130521,  1206
       419,    130834,  1297
       420,    131147,  1398
       421,    131460,  1509
       422,    131773,  1628
       423,    132086,  1754
       424,    132399,  1887
       425,    132712,  2023
       426,    133025,  2163
       427,    133338,  2306
       428,    133651,  2448
       429,    133964,  2590
       430,    134277,  2731
       431,    134590,  2867
       432,    134903,  2999
       433,    135216,  3126
       434,    135529,  3245
       435,    135842,  3355
       436,    136155,  3457
       437,    136468,  3548
       438,    136781,  3628
       439,    137094,  3696
       440,    137407,  3751
       441,    137720,  3794
       442,    138033,  3823
       443,    138346,  3838
       444,    138659,  3840
       445,    138972,  3828
       446,    139285,  3802
       447,    139598,  3762
       448,    139911,  3710
       449,    140224,  3644
       450,    140537,  3568
       451,    140850,  3480
       452,    141163,  3381
       453,    141476,  3274
       454,    141789,  3158
       455,    142102,  3035
       456,    142415,  2906
       457,    142728,  2773
       458,    143041,  2636
       459,    143354,  2497
       460,    143667,  2358
       461,    143980,  2219
       462,    144293,  2083
       463,    144606,  1950
       464,    144919,  1821
       465,    145232,  1699
       466,    145545,  1583
       467,    145858,  1476
       468,    146171,  1379
       469,    146484,  1291
       470,    146797,  1215
       471,    147110,  1151
       472,    147423,  1099
       473,    147736,  1061
       474,    148049,  1035
       475,    148362,  1024
       476,    148675,  1026
       477,    148988,  1042
       478,    149301,  1072
       479,    149614,  1115
       480,    149927,  1171
       481,    150240,  1240
       482,    150553,  1320
       483,    150866,  1412
       484,    151179,  1514
       485,    151492,  1625
       486,    151805,  1744
       487,    152118,  1870
       488,    152431,  2002
       489,    152744,  2138
       490,    153057,  2278
       491,    153370,  2419
       492,    153683,  2562
       493,    153996,  2703
       494,    154309,  2842
       495,    154622,  2978
       496,    154935,  3109
       497,    155248,  3233
       498,    155561,  3351
       499,    155874,  3460
       500,    156187,  3560
       501,    156500,  3649
       502,    156813,  3728
       503,    157126,  3794
       504,    157439,  3847
       505,    157752,  3888
       506,    158065,  3915
       507,    158378,  3928
       508,    158691,  3928
       509,    159004,  3914
       510,    159317,  3886
       511,    159630,  3844
       512,    159943,  3790
       513,    160256,  3723
       514,    160569,  3644
       515,    160882,  3555
       516,    161195,  3455
       517,    161508,  3346
       518,    161821,  3229
       519,    162134,  3104
       520,    162447,  2975
       521,    162760,  2840
       522,    163073,  2703
       523,    163386,  2563
       524,    163699,  2423
       525,    164012,  2284
       526,    164325,  2148
       527,    164638,  2014
       528,    164951,  1886
       529,    165264,  1763
       530,    165577,  1648
       531,    165890,  1542
       532,    166203,  1445
       533,    166516,  1358
       534,    166829,  1282
       535,    167142,  1219
       536,    167455,  1168
       537,    167768,  1130
       538,    168081,  1106
       539,    168394,  1095
       540,    168707,  1098
       541,    169020,  1115
       542,    169333,  1146
       543,    169646,  1190
       544,    169959,  1247
       545,    170272,  1316
       546,    170585,  1397
       547,    170898,  1490
       548,    171211,  1592
       549,    171524,  1703
       550,    171837,  1823
       551,    172150,  1949
       552,    172463,  2081
       553,    172776,  2217
       554,    173089,  2357
       555,    173402,  2498
       556,    173715,  2640
       557,    174028,  2780
       558,    174341,  2919
       559,    174654,  3054
       560,    174967,  3184
       561,    175280,  3307
       562,    175593,  3424
       563,    175906,  3532
       564,    176219,  3630
       565,    176532,  3718
       566,    176845,  3794
       567,    177158,  3859
       568,    177471,  3911
       569,    177784,  3950
       570,    178097,  3975
       571,    178410,  3987
       572,    178723,  3984
       573,    179036,  3968
       574,    179349,  3938
       575,    179662,  3895
       576,    179975,  3839
       577,    180288,  3771
       578,    180601,  3691
       579,    180914,  3599
       580,    181227,  3498
       581,    181540,  3388
       582,    181853,  3270
       583,    182166,  3145
       584,    182479,  3014
       585,    182792,  2879
       586,    183105,  2741
       587,    183418,  2601
       588,    183731,  2461
       589,    184044,  2321
       590,    184357,  2184
       591,    184670,  2051
       592,    184983,  1923
       593,    185296,  1801
       594,    185609,  1686
       595,    185922,  1580
       596,    186235,  1484
       597,    186548,  1398
       598,    186861,  1323
       599,    187174,  1261
       600,    187487,  1211
       601,    187800,  1174
       602,    188113,  1151
       603,    188426,  1141
       604,    188739,  1145
       605,    189052,  1163
       606,    189365,  1195
       607,    189678,  1240
       608,    189991,  1298
       609,    190304,  1369
       610,    190617,  1451
       611,    190930,  1544
       612,    191243,  1646
       613,    191556,  1758
       614,    191869,  1878
       615,    192182,  2005
       616,    192495,  2137
       617,    192808,  2274
       618,    193121,  2413
       619,    193434,  2554
       620,    193747,  2696
       621,    194060,  2836
       622,    194373,  2974
       623,    194686,  3108
       624,    194999,  3237
       625,    195312,  3360
       626,    195625,  3475
       627,    195938,  3582
       628,    196251,  3679
       629,    196564,  3765
       630,    196877,  3840
       631,    197190,  3904
       632,    197503,  3954
       633,    197816,  3991
       634,    198129,  4015
       635,    198442,  4025
       636,    198755,  4021
       637,    199068,  4003
       638,    199381,  3972
       639,    199694,  3927
       640,    200007,  3869
       641,    200320,  3799
       642,    200633,  3718
       643,    200946,  3625
       644,    201259,  3523
       645,    201572,  3411
       646,    201885,  3292
       647,    202198,  3166
       648,    202511,  3035
       649,    202824,  2899
       650,    203137,  2760
       651,    203450,  2620
       652,    203763,  2480
       653,    204076,  2340
       654,    204389,  2204
       655,    204702,  2071
       656,    205015,  1943
       657,    205328,  1821
       658,    205641,  1707
       659,    205954,  1602
       660,    206267,  1506
       661,    206580,  1421
       662,    206893,  1348
       663,    207206,  1286
       664,    207519,  1237
       665,    207832,  1202
       666,    208145,  1179
       667,    208458,  1171
       668,    208771,  1177
       669,    209084,  1196
       670,    209397,  1229
       671,    209710,  1275
       672,    210023,  1334
       673,    210336,  1406
       674,    210649,  1489
       675,    210962,  1582
       676,    211275,  1686
       677,    211588,  1799
       678,    211901,  1919
       679,    212214,  2046
       680,    212527,  2179
       681,    212840,  2315
       682,    213153,  2455
       683,    213466,  2596
       684,    213779,  2737
       685,    214092,  2877
       686,    214405,  3015
       687,    214718,  3148
       688,    215031,  3276
       689,    215344,  3398
       690,    215657,  3512
       691,    215970,  3618
       692,    216283,  3714
       693,    216596,  3799
       694,    216909,  3873
       695,    217222,  3935
       696,    217535,  3984
       697,    217848,  4019
       698,    218161,  4041
       699,    218474,  4050
       700,    218787,  4044
       701,    219100,  4025
       702,    219413,  3992
       703,    219726,  3946
       704,    220039,  3887
       705,    220352,  3815
       706,    220665,  3732
       707,    220978,  3639
       708,    221291,  3535
       709,    221604,  3423
       710,    221917,  3303
       711,    222230,  3176
       712,    222543,  3044
       713,    222856,  2908
       714,    223169,  2769
       715,    223482,  2628
       716,    223795,  2488
       717,    224108,  2348
       718,    224421,  2212
       719,    224734,  2079
       720,    225047,  1952
       721,    225360,  1831
       722,    225673,  1718
       723,    225986,  1613
       724,    226299,  1518
       725,    226612,  1434
       726,    226925,  1362
       727,    227238,  1301
       728,    227551,  1253
       729,    227864,  1219
       730,    228177,  1198
       731,    228490,  1191
       732,    228803,  1198
       733,    229116,  1219
       734,    229429,  1253
       735,    229742,  1300
       736,    230055,  1360
       737,    230368,  1433
       738,    230681,  1517
       739,    230994,  1612
       740,    231307,  1716
       741,    231620,  1830
       742,    231933,  1951
       743,    232246,  2078
       744,    232559,  2211
       745,    232872,  2348
       746,    233185,  2488
       747,    233498,  2629
       748,    233811,  2770
       749,    234124,  2909
       750,    234437,  3046
       751,    234750,  3179
       752,    235063,  3307
       753,    235376,  3428
       754,    235689,  3541
       755,    236002,  3646
       756,    236315,  3740
       757,    236628,  3824
       758,    236941,  3897
       759,    237254,  3957
       760,    237567,  4005
       761,    237880,  4039
       762,    238193,  4059
       763,    238506,  4066
       764,    238819,  4059
       765,    239132,  4038
       766,    239445,  4004
       767,    239758,  3956
       768,    240071,  3896
       769,    240384,  3823
       770,    240697,  3739
       771,    241010,  3644
       772,    241323,  3540
       773,    241636,  3426
       774,    241949,  3305
       775,    242262,  3178
       776,    242575,  3045
       777,    242888,  2909
       778,    243201,  2769
       779,    243514,  2629
       780,    243827,  2488
       781,    244140,  2349
       782,    244453,  2213
       783,    244766,  2080
       784,    245079,  1953
       785,    245392,  1833
       786,    245705,  1721
       787,    246018,  1617
       788,    246331,  1523
       789,    246644,  1440
       790,    246957,  1369
       791,    247270,  1309
       792,    247583,  1263
       793,    247896,  1230
       794,    248209,  1210
       795,    248522,  1205
       796,    248835,  1213
       797,    249148,  1235
       798,    249461,  1270
       799,    249774,  1319
       800,    250087,  1380
       801,    250400,  1454
       802,    250713,  1539
       803,    251026,  1635
       804,    251339,  1740
       805,    251652,  1854
       806,    251965,  1976
       807,    252278,  2104
       808,    252591,  2237
       809,    252904,  2375
       810,    253217,  2514
       811,    253530,  2655
       812,    253843,  2796
       813,    254156,  2936
       814,    254469,  3072
       815,    254782,  3204
       816,    255095,  3331
       817,    255408,  3452
       818,    255721,  3564
       819,    256034,  3668
       820,    256347,  3761
       821,    256660,  3844
       822,    256973,  3915
       823,    257286,  3974
       824,    257599,  4020
       825,    257912,  4053
       826,    258225,  4072
       827,    258538,  4077
       828,    258851,  4069
       829,    259164,  4046
       830,    259477,  4011
       831,    259790,  3962
       832,    260103,  3900
       833,    260416,  3826
       834,    260729,  3741
       835,    261042,  3645
       836,    261355,  3539
       837,    261668,  3425
       838,    261981,  3303
       839,    262294,  3175
       840,    262607,  3042
       841,    262920,  2905
       842,    263233,  2765
       843,    263546,  2624
       844,    263859,  2484
       845,    264172,  2345
       846,    264485,  2209
       847,    264798,  2077
       848,    265111,  1951
       849,    265424,  1831
       850,    265737,  1719
       851,    266050,  1617
       852,    266363,  1524
       853,    266676,  1442
       854,    266989,  1371
       855,    267302,  1313
       856,    267615,  1268
       857,    267928,  1237
       858,    268241,  1218
       859,    268554,  1214
       860,    268867,  1224
       861,    269180,  1247
       862,    269493,  1284
       863,    269806,  1334
       864,    270119,  1396
       865,    270432,  1471
       866,    270745,  1557
       867,    271058,  1654
       868,    271371,  1760
       869,    271684,  1875
       870,    271997,  1997
       871,    272310,  2126
       872,    272623,  2260
       873,    272936,  2397
       874,    273249,  2537
       875,    273562,  2678
       876,    273875,  2819
       877,    274188,  2958
       878,    274501,  3094
       879,    274814,  3226
       880,    275127,  3352
       881,    275440,  3472
       882,    275753,  3583
       883,    276066,  3686
       884,    276379,  3778
       885,    276692,  3860
       886,    277005,  3930
       887,    277318,  3987
       888,    277631,  4032
       889,    277944,  4063
       890,    278257,  4081
       891,    278570,  4085
       892,    278883,  4075
       893,    279196,  4051
       894,    279509,  4014
       895,    279822,  3963
       896,    280135,  3900
       897,    280448,  3825
       898,    280761,  3739
       899,    281074,  3642
       900,    281387,  3535
       901,    281700,  3420
       902,    282013,  3297
       903,    282326,  3169
       904,    282639,  3035
       905,    282952,  2898
       906,    283265,  2758
       907,    283578,  2617
       908,    283891,  2476
       909,    284204,  2338
       910,    284517,  2202
       911,    284830,  2071
       912,    285143,  1945
       913,    285456,  1826
       914,    285769,  1715
       915,    286082,  1613
       916,    286395,  1522
       917,    286708,  1441
       918,    287021,  1372
       919,    287334,  1315
       920,    287647,  1271
       921,    287960,  1241
       922,    288273,  1224
       923,    288586,  1221
       924,    288899,  1232
       925,    289212,  1256
       926,    289525,  1294
       927,    289838,  1346
       928,    290151,  1410
       929,    290464,  1486
       930,    290777,  1573
       931,    291090,  1671
       932,    291403,  1778
       933,    291716,  1893
       934,    292029,  2016
       935,    292342,  2146
       936,    292655,  2280
       937,    292968,  2417
       938,    293281,  2558
       939,    293594,  2699
       940,    293907,  2839
       941,    294220,  2978
       942,    294533,  3114
       943,    294846,  3245
       944,    295159,  3370
       945,    295472,  3489
       946,    295785,  3600
       947,    296098,  3701
       948,    296411,  3793
       949,    296724,  3873
       950,    297037,  3942
       951,    297350,  3998
       952,    297663,  4041
       953,    297976,  4071
       954,    298289,  4087
       955,    298602,  4090
       956,    298915,  4078
       957,    299228,  4053
       958,    299541,  4015
       959,    299854,  3963
       960,    300167,  3898
       961,    300480,  3822
       962,    300793,  3734
       963,    301106,  3636
       964,    301419,  3529
       965,    301732,  3413
       966,    302045,  3290
       967,    302358,  3160
       968,    302671,  3026
       969,    302984,  2888
       970,    303297,  2748
       971,    303610,  2608
       972,    303923,  2467
       973,    304236,  2329
       974,    304549,  2193
       975,    304862,  2062
       976,    305175,  1937
       977,    305488,  1819
       978,    305801,  1709
       979,    306114,  1608
       980,    306427,  1518
       981,    306740,  1438
       982,    307053,  1370
       983,    307366,  1314
       984,    307679,  1272
       985,    307992,  1243
       986,    308305,  1228
       987,    308618,  1226
       988,    308931,  1238
       989,    309244,  1264
       990,    309557,  1304
       991,    309870,  1356
       992,    310183,  1421
       993,    310496,  1498
       994,    310809,  1587
       995,    311122,  1685
       996,    311435,  1794
       997,    311748,  1910
       998,    312061,  2034
       999,    312374,  2163
      1000,    312687,  2298
      1001,    313000,  2436
      1002,    313313,  2576
      1003,    313626,  2717
      1004,    313939,  2858
      1005,    314252,  2996
      1006,    314565,  3131
      1007,    314878,  3262
      1008,    315191,  3387
      1009,    315504,  3505
      1010,    315817,  3615
      1011,    316130,  3715
      1012,    316443,  3805
      1013,    316756,  3885
      1014,    317069,  3952
      1015,    317382,  4007
      1016,    317695,  4049
      1017,    318008,  4077
      1018,    318321,  4092
      1019,    318634,  4093
      1020,    318947,  4080
      1021,    319260,  4054
      1022,    319573,  4014
      1023,    319886,  3961
      1024,    320199,  3895
      1025,    320512,  3817
      1026,    320825,  3729
      1027,    321138,  3630
      1028,    321451,  3521
      1029,    321764,  3404
      1030,    322077,  3280
      1031,    322390,  3151
      1032,    322703,  3016
      1033,    323016,  2878
      1034,    323329,  2738
      1035,    323642,  2597
      1036,    323955,  2457
      1037,    324268,  2318
      1038,    324581,  2183
      1039,    324894,  2053
      1040,    325207,  1929
      1041,    325520,  1811
      1042,    325833,  1702
      1043,    326146,  1602
      1044,    326459,  1512
      1045,    326772,  1434
      1046,    327085,  1367
      1047,    327398,  1313
      1048,    327711,  1272
      1049,    328024,  1244
      1050,    328337,  1230
      1051,    328650,  1230
      1052,    328963,  1244
      1053,    329276,  1271
      1054,    329589,  1312
      1055,    329902,  1366
      1056,    330215,  1432
      1057,    330528,  1510
      1058,    330841,  1600
      1059,    331154,  1699
      1060,    331467,  1808
      1061,    331780,  1926
      1062,    332093,  2050
      1063,    332406,  2180
      1064,    332719,  2315
      1065,    333032,  2454
      1066,    333345,  2594
      1067,    333658,  2735
      1068,    333971,  2875
      1069,    334284,  3013
      1070,    334597,  3148
      1071,    334910,  3278
      1072,    335223,  3403
      1073,    335536,  3520
      1074,    335849,  3628
      1075,    336162,  3728
      1076,    336475,  3817
      1077,    336788,  3895
      1078,    337101,  3961
      1079,    337414,  4015
      1080,    337727,  4056
      1081,    338040,  4083
      1082,    338353,  4096
      1083,    338666,  4096
      1084,    338979,  4081
      1085,    339292,  4053
      1086,    339605,  4012
      1087,    339918,  3957
      1088,    340231,  3891
      1089,    340544,  3812
      1090,    340857,  3722
      1091,    341170,  3622
      1092,    341483,  3512
      1093,    341796,  3395
      1094,    342109,  3270
      1095,    342422,  3140
      1096,    342735,  3005
      1097,    343048,  2866
      1098,    343361,  2726
      1099,    343674,  2585
      1100,    343987,  2445
      1101,    344300,  2307
      1102,    344613,  2173
      1103,    344926,  2043
      1104,    345239,  1919
      1105,    345552,  1802
      1106,    345865,  1694
      1107,    346178,  1595
      1108,    346491,  1507
      1109,    346804,  1429
      1110,    347117,  1364
      1111,    347430,  1311
      1112,    347743,  1271
