         1,         0,  2497
         2,       313,  2499
         3,       626,  2501
         4,       939,  2503
         5,      1252,  2506
         6,      1565,  2508
         7,      1878,  2512
         8,      2191,  2515
         9,      2504,  2518
        10,      2817,  2521
        11,      3130,  2525
        12,      3443,  2528
        13,      3756,  2532
        14,      4069,  2536
        15,      4382,  2539
        16,      4695,  2542
        17,      5008,  2545
        18,      5321,  2549
        19,      5634,  2551
        20,      5947,  2554
        21,      6260,  2556
        22,      6573,  2558
        23,      6886,  2560
        24,      7199,  2562
        25,      7512,  2563
        26,      7825,  2564
        27,      8138,  2565
        28,      8451,  2565
        29,      8764,  2565
        30,      9077,  2564
        31,      9390,  2563
        32,      9703,  2562
        33,     10016,  2560
        34,     10329,  2559
        35,     10642,  2557
        36,     10955,  2554
        37,     11268,  2552
        38,     11581,  2549
        39,     11894,  2546
        40,     12207,  2542
        41,     12520,  2539
        42,     12833,  2536
        43,     13146,  2532
        44,     13459,  2529
        45,     13772,  2525
        46,     14085,  2521
        47,     14398,  2518
        48,     14711,  2515
        49,     15024,  2512
        50,     15337,  2509
        51,     15650,  2506
        52,     15963,  2503
        53,     16276,  2501
        54,     16589,  2499
        55,     16902,  2497
        56,     17215,  2495
        57,     17528,  2494
        58,     17841,  2493
        59,     18154,  2493
        60,     18467,  2493
        61,     18780,  2493
        62,     19093,  2493
        63,     19406,  2494
        64,     19719,  2496
        65,     20032,  2497
        66,     20345,  2499
        67,     20658,  2501
        68,     20971,  2503
        69,     21284,  2506
        70,     21597,  2509
        71,     21910,  2512
        72,     22223,  2515
        73,     22536,  2519
        74,     22849,  2522
        75,     23162,  2525
        76,     23475,  2529
        77,     23788,  2533
        78,     24101,  2536
        79,     24414,  2540
        80,     24727,  2543
        81,     25040,  2546
        82,     25353,  2549
        83,     25666,  2552
        84,     25979,  2554
        85,     26292,  2557
        86,     26605,  2559
        87,     26918,  2561
        88,     27231,  2562
        89,     27544,  2564
        90,     27857,  2564
        91,     28170,  2565
        92,     28483,  2565
        93,     28796,  2565
        94,     29109,  2564
        95,     29422,  2563
        96,     29735,  2562
        97,     30048,  2560
        98,     30361,  2558
        99,     30674,  2556
       100,     30987,  2554
       101,     31300,  2551
       102,     31613,  2548
       103,     31926,  2545
       104,     32239,  2542
       105,     32552,  2539
       106,     32865,  2535
       107,     33178,  2532
       108,     33491,  2528
       109,     33804,  2524
       110,     34117,  2521
       111,     34430,  2518
       112,     34743,  2514
       113,     35056,  2511
       114,     35369,  2508
       115,     35682,  2505
       116,     35995,  2503
       117,     36308,  2500
       118,     36621,  2498
       119,     36934,  2497
       120,     37247,  2495
       121,     37560,  2494
       122,     37873,  2493
       123,     38186,  2493
       124,     38499,  2493
       125,     38812,  2493
       126,     39125,  2493
       127,     39438,  2494
       128,     39751,  2496
       129,     40064,  2497
       130,     40377,  2499
       131,     40690,  2501
       132,     41003,  2504
       133,     41316,  2506
       134,     41629,  2509
       135,     41942,  2512
       136,     42255,  2516
       137,     42568,  2519
       138,     42881,  2523
       139,     43194,  2526
       140,     43507,  2530
       141,     43820,  2533
       142,     44133,  2537
       143,     44446,  2540
       144,     44759,  2543
       145,     45072,  2547
       146,     45385,  2550
       147,     45698,  2552
       148,     46011,  2555
       149,     46324,  2557
       150,     46637,  2559
       151,     46950,  2561
       152,     47263,  2563
       153,     47576,  2564
       154,     47889,  2564
       155,     48202,  2565
       156,     48515,  2565
       157,     48828,  2565
       158,     49141,  2564
       159,     49454,  2563
       160,     49767,  2562
       161,     50080,  2560
       162,     50393,  2558
       163,     50706,  2556
       164,     51019,  2554
       165,     51332,  2551
       166,     51645,  2548
       167,     51958,  2545
       168,     52271,  2542
       169,     52584,  2538
       170,     52897,  2535
       171,     53210,  2531
       172,     53523,  2528
       173,     53836,  2524
       174,     54149,  2520
       175,     54462,  2517
       176,     54775,  2514
       177,     55088,  2511
       178,     55401,  2508
       179,     55714,  2505
       180,     56027,  2502
       181,     56340,  2500
       182,     56653,  2498
       183,     56966,  2496
       184,     57279,  2495
       185,     57592,  2494
       186,     57905,  2493
       187,     58218,  2493
       188,     58531,  2520
       189,     58844,  2520
       190,     59157,  2494
       191,     59470,  2457
       192,     59783,  2398
       193,     60096,  2332
       194,     60409,  2247
       195,     60722,  2155
       196,     61035,  2051
       197,     61348,  1937
       198,     61661,  1819
       199,     61974,  1695
       200,     62287,  1568
       201,     62600,  1441
       202,     62913,  1310
       203,     63226,  1176
       204,     63539,  1041
       205,     63852,   908
       206,     64165,   778
       207,     64478,   657
       208,     64791,   543
       209,     65104,   437
       210,     65417,   338
       211,     65730,   250
       212,     66043,   175
       213,     66356,   114
       214,     66669,    68
       215,     66982,    32
       216,     67295,     9
       217,     67608,     0
       218,     67921,     6
       219,     68234,    27
       220,     68547,    64
       221,     68860,   115
       222,     69173,   182
       223,     69486,   263
       224,     69799,   356
       225,     70112,   461
       226,     70425,   578
       227,     70738,   707
       228,     71051,   844
       229,     71364,   990
       230,     71677,  1142
       231,     71990,  1301
       232,     72303,  1463
       233,     72616,  1629
       234,     72929,  1795
       235,     73242,  1962
       236,     73555,  2127
       237,     73868,  2289
       238,     74181,  2446
       239,     74494,  2597
       240,     74807,  2742
       241,     75120,  2878
       242,     75433,  3004
       243,     75746,  3119
       244,     76059,  3221
       245,     76372,  3309
       246,     76685,  3383
       247,     76998,  3444
       248,     77311,  3492
       249,     77624,  3525
       250,     77937,  3542
       251,     78250,  3544
       252,     78563,  3531
       253,     78876,  3504
       254,     79189,  3460
       255,     79502,  3402
       256,     79815,  3330
       257,     80128,  3246
       258,     80441,  3150
       259,     80754,  3043
       260,     81067,  2927
       261,     81380,  2801
       262,     81693,  2668
       263,     82006,  2529
       264,     82319,  2386
       265,     82632,  2239
       266,     82945,  2091
       267,     83258,  1943
       268,     83571,  1795
       269,     83884,  1651
       270,     84197,  1511
       271,     84510,  1376
       272,     84823,  1248
       273,     85136,  1129
       274,     85449,  1020
       275,     85762,   921
       276,     86075,   834
       277,     86388,   761
       278,     86701,   701
       279,     87014,   655
       280,     87327,   622
       281,     87640,   603
       282,     87953,   600
       283,     88266,   612
       284,     88579,   639
       285,     88892,   681
       286,     89205,   737
       287,     89518,   809
       288,     89831,   892
       289,     90144,   989
       290,     90457,  1098
       291,     90770,  1217
       292,     91083,  1346
       293,     91396,  1483
       294,     91709,  1627
       295,     92022,  1778
       296,     92335,  1932
       297,     92648,  2090
       298,     92961,  2249
       299,     93274,  2408
       300,     93587,  2566
       301,     93900,  2721
       302,     94213,  2871
       303,     94526,  3015
       304,     94839,  3152
       305,     95152,  3281
       306,     95465,  3399
       307,     95778,  3507
       308,     96091,  3603
       309,     96404,  3685
       310,     96717,  3752
       311,     97030,  3808
       312,     97343,  3849
       313,     97656,  3875
       314,     97969,  3886
       315,     98282,  3881
       316,     98595,  3862
       317,     98908,  3828
       318,     99221,  3779
       319,     99534,  3715
       320,     99847,  3638
       321,    100160,  3549
       322,    100473,  3448
       323,    100786,  3335
       324,    101099,  3213
       325,    101412,  3083
       326,    101725,  2945
       327,    102038,  2801
       328,    102351,  2653
       329,    102664,  2502
       330,    102977,  2350
       331,    103290,  2197
       332,    103603,  2045
       333,    103916,  1897
       334,    104229,  1753
       335,    104542,  1615
       336,    104855,  1484
       337,    105168,  1362
       338,    105481,  1249
       339,    105794,  1148
       340,    106107,  1058
       341,    106420,   981
       342,    106733,   919
       343,    107046,   869
       344,    107359,   834
       345,    107672,   813
       346,    107985,   808
       347,    108298,   818
       348,    108611,   842
       349,    108924,   882
       350,    109237,   936
       351,    109550,  1005
       352,    109863,  1087
       353,    110176,  1181
       354,    110489,  1287
       355,    110802,  1404
       356,    111115,  1531
       357,    111428,  1666
       358,    111741,  1808
       359,    112054,  1956
       360,    112367,  2108
       361,    112680,  2263
       362,    112993,  2420
       363,    113306,  2576
       364,    113619,  2732
       365,    113932,  2884
       366,    114245,  3031
       367,    114558,  3172
       368,    114871,  3307
       369,    115184,  3432
       370,    115497,  3548
       371,    115810,  3652
       372,    116123,  3745
       373,    116436,  3824
       374,    116749,  3889
       375,    117062,  3941
       376,    117375,  3979
       377,    117688,  4002
       378,    118001,  4010
       379,    118314,  4002
       380,    118627,  3980
       381,    118940,  3943
       382,    119253,  3891
       383,    119566,  3824
       384,    119879,  3745
       385,    120192,  3653
       386,    120505,  3549
       387,    120818,  3434
       388,    121131,  3310
       389,    121444,  3177
       390,    121757,  3038
       391,    122070,  2892
       392,    122383,  2742
       393,    122696,  2590
       394,    123009,  2435
       395,    123322,  2281
       396,    123635,  2128
       397,    123948,  1979
       398,    124261,  1834
       399,    124574,  1695
       400,    124887,  1563
       401,    125200,  1441
       402,    125513,  1328
       403,    125826,  1226
       404,    126139,  1136
       405,    126452,  1059
       406,    126765,   996
       407,    127078,   947
       408,    127391,   911
       409,    127704,   891
       410,    128017,   886
       411,    128330,   896
       412,    128643,   920
       413,    128956,   960
       414,    129269,  1014
       415,    129582,  1083
       416,    129895,  1165
       417,    130208,  1259
       418,    130521,  1365
       419,    130834,  1482
       420,    131147,  1608
       421,    131460,  1743
       422,    131773,  1885
       423,    132086,  2032
       424,    132399,  2184
       425,    132712,  2338
       426,    133025,  2494
       427,    133338,  2649
       428,    133651,  2804
       429,    133964,  2954
       430,    134277,  3100
       431,    134590,  3240
       432,    134903,  3373
       433,    135216,  3497
       434,    135529,  3611
       435,    135842,  3713
       436,    136155,  3804
       437,    136468,  3881
       438,    136781,  3944
       439,    137094,  3994
       440,    137407,  4030
       441,    137720,  4051
       442,    138033,  4057
       443,    138346,  4047
       444,    138659,  4023
       445,    138972,  3984
       446,    139285,  3930
       447,    139598,  3862
       448,    139911,  3781
       449,    140224,  3687
       450,    140537,  3581
       451,    140850,  3465
       452,    141163,  3339
       453,    141476,  3206
       454,    141789,  3065
       455,    142102,  2918
       456,    142415,  2767
       457,    142728,  2614
       458,    143041,  2459
       459,    143354,  2305
       460,    143667,  2151
       461,    143980,  2002
       462,    144293,  1857
       463,    144606,  1718
       464,    144919,  1587
       465,    145232,  1464
       466,    145545,  1352
       467,    145858,  1251
       468,    146171,  1161
       469,    146484,  1086
       470,    146797,  1024
       471,    147110,   975
       472,    147423,   940
       473,    147736,   921
       474,    148049,   917
       475,    148362,   928
       476,    148675,   953
       477,    148988,   994
       478,    149301,  1049
       479,    149614,  1119
       480,    149927,  1201
       481,    150240,  1297
       482,    150553,  1403
       483,    150866,  1521
       484,    151179,  1647
       485,    151492,  1782
       486,    151805,  1924
       487,    152118,  2072
       488,    152431,  2223
       489,    152744,  2377
       490,    153057,  2533
       491,    153370,  2688
       492,    153683,  2842
       493,    153996,  2992
       494,    154309,  3137
       495,    154622,  3276
       496,    154935,  3408
       497,    155248,  3530
       498,    155561,  3643
       499,    155874,  3744
       500,    156187,  3833
       501,    156500,  3908
       502,    156813,  3970
       503,    157126,  4019
       504,    157439,  4053
       505,    157752,  4072
       506,    158065,  4076
       507,    158378,  4065
       508,    158691,  4039
       509,    159004,  3998
       510,    159317,  3942
       511,    159630,  3873
       512,    159943,  3790
       513,    160256,  3695
       514,    160569,  3588
       515,    160882,  3470
       516,    161195,  3344
       517,    161508,  3209
       518,    161821,  3067
       519,    162134,  2920
       520,    162447,  2769
       521,    162760,  2615
       522,    163073,  2460
       523,    163386,  2305
       524,    163699,  2152
       525,    164012,  2002
       526,    164325,  1858
       527,    164638,  1720
       528,    164951,  1589
       529,    165264,  1467
       530,    165577,  1356
       531,    165890,  1256
       532,    166203,  1167
       533,    166516,  1093
       534,    166829,  1032
       535,    167142,   984
       536,    167455,   951
       537,    167768,   933
       538,    168081,   930
       539,    168394,   942
       540,    168707,   969
       541,    169020,  1011
       542,    169333,  1068
       543,    169646,  1138
       544,    169959,  1222
       545,    170272,  1319
       546,    170585,  1426
       547,    170898,  1544
       548,    171211,  1672
       549,    171524,  1807
       550,    171837,  1949
       551,    172150,  2097
       552,    172463,  2249
       553,    172776,  2403
       554,    173089,  2559
       555,    173402,  2714
       556,    173715,  2867
       557,    174028,  3017
       558,    174341,  3161
       559,    174654,  3299
       560,    174967,  3430
       561,    175280,  3551
       562,    175593,  3663
       563,    175906,  3762
       564,    176219,  3850
       565,    176532,  3924
       566,    176845,  3985
       567,    177158,  4032
       568,    177471,  4064
       569,    177784,  4082
       570,    178097,  4084
       571,    178410,  4071
       572,    178723,  4044
       573,    179036,  4001
       574,    179349,  3944
       575,    179662,  3873
       576,    179975,  3789
       577,    180288,  3692
       578,    180601,  3584
       579,    180914,  3466
       580,    181227,  3338
       581,    181540,  3202
       582,    181853,  3060
       583,    182166,  2912
       584,    182479,  2761
       585,    182792,  2607
       586,    183105,  2451
       587,    183418,  2296
       588,    183731,  2143
       589,    184044,  1995
       590,    184357,  1850
       591,    184670,  1713
       592,    184983,  1583
       593,    185296,  1462
       594,    185609,  1351
       595,    185922,  1253
       596,    186235,  1165
       597,    186548,  1092
       598,    186861,  1032
       599,    187174,   986
       600,    187487,   954
       601,    187800,   938
       602,    188113,   936
       603,    188426,   950
       604,    188739,   978
       605,    189052,  1022
       606,    189365,  1080
       607,    189678,  1152
       608,    189991,  1237
       609,    190304,  1334
       610,    190617,  1443
       611,    190930,  1562
       612,    191243,  1690
       613,    191556,  1826
       614,    191869,  1969
       615,    192182,  2118
       616,    192495,  2269
       617,    192808,  2424
       618,    193121,  2579
       619,    193434,  2734
       620,    193747,  2887
       621,    194060,  3036
       622,    194373,  3180
       623,    194686,  3318
       624,    194999,  3447
       625,    195312,  3568
       626,    195625,  3678
       627,    195938,  3776
       628,    196251,  3863
       629,    196564,  3935
       630,    196877,  3994
       631,    197190,  4040
       632,    197503,  4071
       633,    197816,  4087
       634,    198129,  4088
       635,    198442,  4073
       636,    198755,  4044
       637,    199068,  4000
       638,    199381,  3941
       639,    199694,  3869
       640,    200007,  3783
       641,    200320,  3686
       642,    200633,  3576
       643,    200946,  3457
       644,    201259,  3328
       645,    201572,  3192
       646,    201885,  3049
       647,    202198,  2901
       648,    202511,  2749
       649,    202824,  2594
       650,    203137,  2439
       651,    203450,  2284
       652,    203763,  2131
       653,    204076,  1983
       654,    204389,  1839
       655,    204702,  1702
       656,    205015,  1573
       657,    205328,  1453
       658,    205641,  1344
       659,    205954,  1246
       660,    206267,  1160
       661,    206580,  1089
       662,    206893,  1030
       663,    207206,   985
       664,    207519,   955
       665,    207832,   940
       666,    208145,   940
       667,    208458,   955
       668,    208771,   985
       669,    209084,  1030
       670,    209397,  1089
       671,    209710,  1163
       672,    210023,  1249
       673,    210336,  1347
       674,    210649,  1457
       675,    210962,  1577
       676,    211275,  1706
       677,    211588,  1843
       678,    211901,  1987
       679,    212214,  2135
       680,    212527,  2288
       681,    212840,  2442
       682,    213153,  2598
       683,    213466,  2752
       684,    213779,  2905
       685,    214092,  3053
       686,    214405,  3197
       687,    214718,  3334
       688,    215031,  3462
       689,    215344,  3582
       690,    215657,  3691
       691,    215970,  3788
       692,    216283,  3873
       693,    216596,  3944
       694,    216909,  4002
       695,    217222,  4046
       696,    217535,  4076
       697,    217848,  4090
       698,    218161,  4089
       699,    218474,  4073
       700,    218787,  4043
       701,    219100,  3997
       702,    219413,  3937
       703,    219726,  3863
       704,    220039,  3776
       705,    220352,  3677
       706,    220665,  3567
       707,    220978,  3446
       708,    221291,  3317
       709,    221604,  3180
       710,    221917,  3036
       711,    222230,  2887
       712,    222543,  2735
       713,    222856,  2580
       714,    223169,  2425
       715,    223482,  2270
       716,    223795,  2118
       717,    224108,  1970
       718,    224421,  1827
       719,    224734,  1691
       720,    225047,  1562
       721,    225360,  1444
       722,    225673,  1335
       723,    225986,  1239
       724,    226299,  1154
       725,    226612,  1084
       726,    226925,  1027
       727,    227238,   983
       728,    227551,   954
       729,    227864,   941
       730,    228177,   943
       731,    228490,   959
       732,    228803,   991
       733,    229116,  1037
       734,    229429,  1098
       735,    229742,  1172
       736,    230055,  1260
       737,    230368,  1360
       738,    230681,  1471
       739,    230994,  1592
       740,    231307,  1722
       741,    231620,  1859
       742,    231933,  2003
       743,    232246,  2152
       744,    232559,  2305
       745,    232872,  2459
       746,    233185,  2615
       747,    233498,  2770
       748,    233811,  2922
       749,    234124,  3070
       750,    234437,  3213
       751,    234750,  3349
       752,    235063,  3477
       753,    235376,  3595
       754,    235689,  3703
       755,    236002,  3799
       756,    236315,  3883
       757,    236628,  3952
       758,    236941,  4008
       759,    237254,  4051
       760,    237567,  4079
       761,    237880,  4092
       762,    238193,  4089
       763,    238506,  4072
       764,    238819,  4040
       765,    239132,  3993
       766,    239445,  3931
       767,    239758,  3856
       768,    240071,  3768
       769,    240384,  3668
       770,    240697,  3556
       771,    241010,  3435
       772,    241323,  3304
       773,    241636,  3167
       774,    241949,  3022
       775,    242262,  2873
       776,    242575,  2720
       777,    242888,  2566
       778,    243201,  2410
       779,    243514,  2256
       780,    243827,  2104
       781,    244140,  1956
       782,    244453,  1814
       783,    244766,  1678
       784,    245079,  1551
       785,    245392,  1433
       786,    245705,  1326
       787,    246018,  1230
       788,    246331,  1147
       789,    246644,  1078
       790,    246957,  1023
       791,    247270,   981
       792,    247583,   953
       793,    247896,   941
       794,    248209,   945
       795,    248522,   963
       796,    248835,   996
       797,    249148,  1044
       798,    249461,  1106
       799,    249774,  1182
       800,    250087,  1271
       801,    250400,  1372
       802,    250713,  1484
       803,    251026,  1606
       804,    251339,  1736
       805,    251652,  1875
       806,    251965,  2019
       807,    252278,  2169
       808,    252591,  2321
       809,    252904,  2476
       810,    253217,  2632
       811,    253530,  2786
       812,    253843,  2938
       813,    254156,  3086
       814,    254469,  3228
       815,    254782,  3363
       816,    255095,  3490
       817,    255408,  3607
       818,    255721,  3714
       819,    256034,  3809
       820,    256347,  3891
       821,    256660,  3959
       822,    256973,  4014
       823,    257286,  4056
       824,    257599,  4082
       825,    257912,  4093
       826,    258225,  4089
       827,    258538,  4071
       828,    258851,  4037
       829,    259164,  3988
       830,    259477,  3925
       831,    259790,  3849
       832,    260103,  3759
       833,    260416,  3658
       834,    260729,  3545
       835,    261042,  3423
       836,    261355,  3292
       837,    261668,  3153
       838,    261981,  3008
       839,    262294,  2858
       840,    262607,  2706
       841,    262920,  2551
       842,    263233,  2395
       843,    263546,  2241
       844,    263859,  2089
       845,    264172,  1942
       846,    264485,  1800
       847,    264798,  1666
       848,    265111,  1539
       849,    265424,  1422
       850,    265737,  1316
       851,    266050,  1222
       852,    266363,  1140
       853,    266676,  1073
       854,    266989,  1018
       855,    267302,   978
       856,    267615,   952
       857,    267928,   942
       858,    268241,   947
       859,    268554,   966
       860,    268867,  1001
       861,    269180,  1050
       862,    269493,  1114
       863,    269806,  1191
       864,    270119,  1281
       865,    270432,  1383
       866,    270745,  1497
       867,    271058,  1619
       868,    271371,  1751
       869,    271684,  1890
       870,    271997,  2035
       871,    272310,  2185
       872,    272623,  2338
       873,    272936,  2493
       874,    273249,  2649
       875,    273562,  2803
       876,    273875,  2955
       877,    274188,  3101
       878,    274501,  3243
       879,    274814,  3377
       880,    275127,  3503
       881,    275440,  3620
       882,    275753,  3725
       883,    276066,  3819
       884,    276379,  3900
       885,    276692,  3966
       886,    277005,  4020
       887,    277318,  4060
       888,    277631,  4085
       889,    277944,  4095
       890,    278257,  4089
       891,    278570,  4069
       892,    278883,  4033
       893,    279196,  3983
       894,    279509,  3919
       895,    279822,  3841
       896,    280135,  3750
       897,    280448,  3647
       898,    280761,  3534
       899,    281074,  3410
       900,    281387,  3278
       901,    281700,  3139
       902,    282013,  2994
       903,    282326,  2844
       904,    282639,  2691
       905,    282952,  2535
       906,    283265,  2380
       907,    283578,  2226
       908,    283891,  2075
       909,    284204,  1928
       910,    284517,  1787
       911,    284830,  1653
       912,    285143,  1527
       913,    285456,  1412
       914,    285769,  1307
       915,    286082,  1214
       916,    286395,  1133
       917,    286708,  1067
       918,    287021,  1014
       919,    287334,   975
       920,    287647,   951
       921,    287960,   942
       922,    288273,   949
       923,    288586,   970
       924,    288899,  1006
       925,    289212,  1057
       926,    289525,  1122
       927,    289838,  1200
       928,    290151,  1292
       929,    290464,  1395
       930,    290777,  1509
       931,    291090,  1633
       932,    291403,  1766
       933,    291716,  1905
       934,    292029,  2051
       935,    292342,  2201
       936,    292655,  2354
       937,    292968,  2510
       938,    293281,  2665
       939,    293594,  2819
       940,    293907,  2970
       941,    294220,  3117
       942,    294533,  3258
       943,    294846,  3391
       944,    295159,  3516
       945,    295472,  3631
       946,    295785,  3736
       947,    296098,  3828
       948,    296411,  3908
       949,    296724,  3973
       950,    297037,  4025
       951,    297350,  4064
       952,    297663,  4087
       953,    297976,  4095
       954,    298289,  4088
       955,    298602,  4066
       956,    298915,  4029
       957,    299228,  3978
       958,    299541,  3912
       959,    299854,  3833
       960,    300167,  3741
       961,    300480,  3637
       962,    300793,  3522
       963,    301106,  3398
       964,    301419,  3265
       965,    301732,  3125
       966,    302045,  2979
       967,    302358,  2829
       968,    302671,  2675
       969,    302984,  2520
       970,    303297,  2365
       971,    303610,  2211
       972,    303923,  2060
       973,    304236,  1914
       974,    304549,  1774
       975,    304862,  1640
       976,    305175,  1516
       977,    305488,  1401
       978,    305801,  1297
       979,    306114,  1205
       980,    306427,  1127
       981,    306740,  1062
       982,    307053,  1010
       983,    307366,   973
       984,    307679,   950
       985,    307992,   943
       986,    308305,   951
       987,    308618,   973
       988,    308931,  1011
       989,    309244,  1063
       990,    309557,  1130
       991,    309870,  1210
       992,    310183,  1302
       993,    310496,  1407
       994,    310809,  1522
       995,    311122,  1647
       996,    311435,  1780
       997,    311748,  1920
       998,    312061,  2067
       999,    312374,  2217
      1000,    312687,  2371
      1001,    313000,  2526
      1002,    313313,  2681
      1003,    313626,  2835
      1004,    313939,  2986
      1005,    314252,  3132
      1006,    314565,  3272
      1007,    314878,  3405
      1008,    315191,  3529
      1009,    315504,  3643
      1010,    315817,  3746
      1011,    316130,  3838
      1012,    316443,  3916
      1013,    316756,  3980
      1014,    317069,  4030
      1015,    317382,  4067
      1016,    317695,  4089
      1017,    318008,  4096
      1018,    318321,  4087
      1019,    318634,  4064
      1020,    318947,  4025
      1021,    319260,  3972
      1022,    319573,  3905
      1023,    319886,  3824
      1024,    320199,  3731
      1025,    320512,  3626
      1026,    320825,  3510
      1027,    321138,  3385
      1028,    321451,  3252
      1029,    321764,  3111
      1030,    322077,  2964
      1031,    322390,  2814
      1032,    322703,  2660
      1033,    323016,  2505
      1034,    323329,  2350
      1035,    323642,  2196
      1036,    323955,  2045
      1037,    324268,  1900
      1038,    324581,  1760
      1039,    324894,  1627
      1040,    325207,  1504
      1041,    325520,  1390
      1042,    325833,  1288
      1043,    326146,  1197
      1044,    326459,  1120
      1045,    326772,  1056
      1046,    327085,  1006
      1047,    327398,   970
      1048,    327711,   949
      1049,    328024,   943
      1050,    328337,   953
      1051,    328650,   977
      1052,    328963,  1016
      1053,    329276,  1070
      1054,    329589,  1138
      1055,    329902,  1219
      1056,    330215,  1313
      1057,    330528,  1419
      1058,    330841,  1535
      1059,    331154,  1661
      1060,    331467,  1795
      1061,    331780,  1936
      1062,    332093,  2082
      1063,    332406,  2233
      1064,    332719,  2387
      1065,    333032,  2543
      1066,    333345,  2698
      1067,    333658,  2852
      1068,    333971,  3002
      1069,    334284,  3147
      1070,    334597,  3286
      1071,    334910,  3419
      1072,    335223,  3542
      1073,    335536,  3655
      1074,    335849,  3756
      1075,    336162,  3847
      1076,    336475,  3923
      1077,    336788,  3986
      1078,    337101,  4035
      1079,    337414,  4071
      1080,    337727,  4091
      1081,    338040,  4096
      1082,    338353,  4086
      1083,    338666,  4061
      1084,    338979,  4021
      1085,    339292,  3966
      1086,    339605,  3898
      1087,    339918,  3816
      1088,    340231,  3721
      1089,    340544,  3615
      1090,    340857,  3498
      1091,    341170,  3372
      1092,    341483,  3238
      1093,    341796,  3097
      1094,    342109,  2950
      1095,    342422,  2798
      1096,    342735,  2645
      1097,    343048,  2489
      1098,    343361,  2334
      1099,    343674,  2181
      1100,    343987,  2031
      1101,    344300,  1886
      1102,    344613,  1747
      1103,    344926,  1615
      1104,    345239,  1492
      1105,    345552,  1380
      1106,    345865,  1279
      1107,    346178,  1189
      1108,    346491,  1113
      1109,    346804,  1051
      1110,    347117,  1002
      1111,    347430,   968
      1112,    347743,   948
